25 27
35.0261 29.0203
45.1051 31.0825
55.2387 33.1895
65.4283 35.3444
75.6755 37.5507
85.982 39.8122
96.3492 42.1331
106.779 44.518
117.272 46.972
127.83 49.5007
138.454 52.1102
149.146 54.8074
159.904 57.5996
170.73 60.495
181.623 63.5023
192.582 66.6311
203.604 69.8914
214.685 73.2939
225.822 76.8497
237.007 80.5699
248.234 84.4656
259.491 88.5471
270.767 92.8237
282.048 97.3031
293.321 101.99
304.567 106.888
315.772 111.996
326.919 117.309
337.994 122.821
348.983 128.52
359.876 134.394
370.666 140.429
381.348 146.609
391.921 152.919
402.383 159.343
412.739 165.866
422.993 172.476
433.15 179.16
443.218 185.908
453.202 192.711
463.11 199.56
472.95 206.45
482.73 213.374
492.456 220.327
502.135 227.306
511.774 234.308
521.38 241.329
530.958 248.368
540.515 255.423
550.056 262.492
559.586 269.575
569.11 276.67
578.633 283.778
588.16 290.897
597.695 298.028
607.243 305.171
616.807 312.324
626.393 319.49
636.003 326.666
645.641 333.855
655.313 341.055
665.021 348.269
674.77 355.494
684.564 362.733
694.406 369.986
704.301 377.253
714.252 384.534
724.265 391.83
734.344 399.141
744.493 406.468
754.717 413.811
765.021 421.171
775.41 428.548
785.891 435.943
796.469 443.355
807.15 450.786
817.941 458.235
828.85 465.702
839.884 473.188
851.051 480.692
862.362 488.215
873.826 495.755
885.454 503.313
897.259 510.886
909.253 518.474
921.453 526.075
933.874 533.685
946.535 541.303
959.457 548.922
972.665 556.538
986.185 564.141
1000.05 571.724
1014.29 579.27
1028.96 586.764
1044.09 594.18
1059.75 601.488
1076 608.644
1092.91 615.588
1110.58 622.239
1129.1 628.48
1148.58 634.151
1169.13 639.025
1190.82 642.789
1213.64 645.034
1237.47 645.27
1261.91 643.024
1286.35 638.016
1310.09 630.311
1332.57 620.325
1353.51 608.642
1372.88 595.82
1390.81 582.295
1407.49 568.367
1423.1 554.231
1437.81 540.011
1451.77 525.781
1465.09 511.589
1477.87 497.459
1490.19 483.407
1502.1 469.438
1513.68 455.556
1524.95 441.759
1535.96 428.044
1546.75 414.406
1557.33 400.842
1567.74 387.345
1578 373.911
1588.12 360.533
1598.12 347.206
1608.01 333.924
1617.82 320.682
1627.56 307.475
1637.23 294.296
1646.84 281.141
1656.42 268.003
1665.97 254.878
1675.5 241.76
1685.02 228.642
1694.54 215.521
1704.08 202.389
1713.65 189.241
1723.25 176.07
1732.92 162.871
1742.65 149.636
1752.46 136.358
1762.38 123.032
1772.44 109.648
1782.64 96.2013
1793.03 82.6835
1803.65 69.0887
1814.53 55.4118
1825.72 41.6502
1837.31 27.8059
1849.35 13.8887
1861.97 -0.0784054
1875.27 -14.0498
1889.41 -27.9433
1904.56 -41.6189
1920.87 -54.8543
1938.46 -67.3309
1957.3 -78.6608
1977.17 -88.4832
1997.68 -96.5948
2018.42 -103.016
2039.04 -107.943
2059.33 -111.646
2079.18 -114.383
2098.57 -116.373
2117.51 -117.785
2136.04 -118.745
2154.18 -119.35
2171.98 -119.67
2189.46 -119.76
2206.66 -119.661
2223.6 -119.406
2240.32 -119.02
2256.81 -118.522
2273.12 -117.928
2289.25 -117.252
2305.21 -116.505
2321.02 -115.694
2336.69 -114.828
2352.23 -113.913
2367.64 -112.953
2382.94 -111.954
2398.14 -110.919
2413.23 -109.852
2428.23 -108.755
2443.14 -107.632
2457.96 -106.483
2472.7 -105.312
2487.37 -104.12
2501.96 -102.908
2516.48 -101.679
2530.94 -100.432
2545.33 -99.1699
2559.66 -97.893
2573.94 -96.6023
2588.15 -95.2986
2602.32 -93.9828
2616.43 -92.6555
2630.49 -91.3174
2644.5 -89.969
2658.47 -88.6109
2672.39 -87.2436
2686.27 -85.8676
2700.11 -84.4832
2713.91 -83.0909
2727.66 -81.6911
2741.38 -80.2841
2755.06 -78.8702
2768.71 -77.4498
2782.32 -76.023
2795.9 -74.5902
2809.45 -73.1516
2822.96 -71.7076
2836.44 -70.2581
2849.89 -68.8036
2863.31 -67.3442
2876.71 -65.88
2890.07 -64.4113
2903.41 -62.9382
2916.72 -61.4608
2930 -59.9794
2943.26 -58.4941
2956.49 -57.0049
2969.7 -55.5121
2982.89 -54.0158
2996.05 -52.516
3009.19 -51.013
3022.31 -49.5067
3035.4 -47.9973
3048.47 -46.4849
3061.53 -44.9696
3074.56 -43.4515
3087.57 -41.9307
3100.56 -40.4072
3113.53 -38.8811
3126.49 -37.3526
3139.42 -35.8216
3152.33 -34.2883
3165.23 -32.7527
3178.11 -31.2149
3190.98 -29.675
3203.82 -28.1329
3216.65 -26.5888
3229.46 -25.0428
3242.26 -23.4948
3255.04 -21.945
3267.8 -20.3933
3280.55 -18.8399
3293.28 -17.2847
3306 -15.7279
3318.71 -14.1694
3331.39 -12.6094
3344.07 -11.0478
3356.73 -9.48465
3369.38 -7.92007
3382.01 -6.35406
3394.63 -4.78665
3407.24 -3.21788
3419.83 -1.64779
3432.41 -0.0764022
3444.98 1.49625
3457.53 3.07012
3470.08 4.6452
3482.61 6.22144
3495.13 7.79883
3507.64 9.37733
3520.13 10.9569
3532.62 12.5376
3545.09 14.1193
3557.55 15.702
3570 17.2856
3582.44 18.8703
3594.87 20.4559
3607.29 22.0424
3619.69 23.6298
3632.09 25.2181
3644.48 26.8072
3656.86 28.3972
3669.22 29.988
3681.58 31.5795
3693.93 33.1719
3706.27 34.765
3718.59 36.3589
3730.91 37.9535
3743.22 39.5488
3755.52 41.1448
3767.81 42.7415
3780.1 44.3389
3792.37 45.9369
3804.64 47.5355
3816.89 49.1347
3829.14 50.7346
3841.38 52.335
3853.61 53.9361
3865.83 55.5377
3878.05 57.1398
